175
38
0.0162837 -0.0156187 1.46615 0.0872665 0.0393835 0.0570924 -0.298164 -0.00645019 -0.0689147 -1.06875 -0.122757 0.510273 0.621665 -0.0749836 -0.204454 -0.0155346 -1.06138 0.296913 -0.232579 -0.720792 0.000460504 -0.037084 0.0398952 0.097284 -0.0086802 0.420456 0 -0.490785 0.0410308 0.0961561 0.0980076 0.00472086 0 0.25608 0.0759693 0.440092 0.915941 -0.0339012 
0.0167763 -0.0135789 1.47172 0.0872665 0.0435137 0.0528977 -0.305797 -0.0157671 -0.0731349 -1.07196 -0.122247 0.508264 0.62494 -0.0761835 -0.196618 -0.00904241 -1.05801 0.300101 -0.231136 -0.723428 0.000474952 -0.0343196 0.0365591 0.0970005 -0.0092633 0.411867 0 -0.499309 0.0301071 0.100953 0.0964372 0.0037849 0 0.255145 0.0667533 0.440947 0.916127 -0.0345758 
0.0178147 -0.0149479 1.46555 0.0872665 0.0504189 0.0536162 -0.297768 -0.0324588 -0.079532 -1.07388 -0.126414 0.516877 0.623719 -0.0780608 -0.198012 0.000714264 -1.0542 0.298059 -0.235234 -0.724013 0.000658957 -0.038447 0.0351387 0.098213 -0.00938825 0.415655 0 -0.495496 0.041683 0.100011 0.096962 0.00181743 0 0.253178 0.0726018 0.441187 0.915923 -0.0348488 
0.0200573 -0.0125439 1.46021 0.0872665 0.0580999 0.0553267 -0.301373 -0.0444723 -0.0841013 -1.07697 -0.128634 0.519344 0.624144 -0.0815711 -0.202792 0.018814 -1.0513 0.297631 -0.230554 -0.721698 0.000533333 -0.0342902 0.0344154 0.106794 -0.00892064 0.411124 0 -0.499992 0.0406266 0.101391 0.0963978 -0.000156481 0 0.251204 0.059819 0.442784 0.916861 -0.0352312 
0.0193902 -0.0148592 1.45108 0.0872665 0.0589867 0.0568161 -0.292771 -0.0477923 -0.0852645 -1.07937 -0.121355 0.528116 0.608058 -0.084135 -0.212889 0.0329824 -1.04621 0.293231 -0.243444 -0.719571 0.000612079 -0.036072 0.0336846 0.103294 -0.0108771 0.404319 0 -0.506781 0.0350141 0.0997692 0.0950219 -0.00240389 0 0.248964 0.0596939 0.443056 0.916109 -0.0361313 
0.0215926 -0.0156016 1.4428 0.0872665 0.0643928 0.0624726 -0.293355 -0.0513657 -0.0837065 -1.08396 -0.116684 0.52113 0.601089 -0.0859432 -0.205106 0.0398038 -1.04058 0.295554 -0.25272 -0.725398 0.000992405 -0.0420008 0.0285774 0.105178 -0.0103623 0.402228 0 -0.508873 0.0294163 0.100737 0.0955375 -0.00651186 0 0.244859 0.0572906 0.443996 0.916323 -0.0367411 
0.025341 -0.0167229 1.43777 0.0872665 0.0716729 0.0636386 -0.288911 -0.0587765 -0.0802682 -1.08894 -0.119396 0.517174 0.601563 -0.0871345 -0.202293 0.0449622 -1.03319 0.297204 -0.259043 -0.731998 0.00145891 -0.0497349 0.0225835 0.108347 -0.00864512 0.396954 0 -0.514096 0.0305098 0.100772 0.0973556 -0.00491042 0 0.246462 0.0573276 0.444495 0.916843 -0.0374187 
0.0257133 -0.0189314 1.43188 0.0872665 0.076901 0.0588176 -0.285255 -0.069659 -0.0761293 -1.09049 -0.117987 0.515397 0.599165 -0.0871943 -0.191917 0.0427374 -1.02961 0.283011 -0.272325 -0.725053 0.00174195 -0.0596831 0.0208669 0.105263 -0.00906121 0.397237 0 -0.513795 0.0363121 0.0980262 0.0977143 -0.00693028 0 0.244443 0.0687561 0.444661 0.916145 -0.0378956 
0.0285524 -0.0190296 1.43237 0.0872665 0.0789936 0.0546134 -0.28382 -0.0688656 -0.0698048 -1.09261 -0.115055 0.514046 0.596076 -0.0876477 -0.180816 0.0425917 -1.0262 0.277763 -0.2808 -0.717177 0.00191059 -0.0666378 0.0200608 0.103144 -0.00601827 0.392044 0 -0.518901 0.0396876 0.0981584 0.0996644 -0.010504 0 0.24087 0.0776287 0.444913 0.916657 -0.0381978 
0.0324208 -0.0174922 1.42764 0.0872665 0.0854606 0.056638 -0.288355 -0.0750736 -0.0659949 -1.09384 -0.113869 0.515884 0.593704 -0.0874669 -0.170331 0.0388778 -1.02428 0.276215 -0.29175 -0.711485 0.00227755 -0.0766202 0.0174506 0.11073 -0.00297204 0.394888 4.57973e-006 -0.515702 0.044553 0.10382 0.104372 -0.0136721 0 0.237702 0.0771878 0.446079 0.917479 -0.0377616 
0.0317369 -0.01478 1.43076 0.0872665 0.0845914 0.0535886 -0.297364 -0.0730527 -0.065149 -1.09487 -0.114312 0.521702 0.595077 -0.0868045 -0.164818 0.0333541 -1.01947 0.27923 -0.292686 -0.715938 0.00288145 -0.0790174 0.0107541 0.111748 -0.00520791 0.389003 0 -0.521187 0.0384227 0.103967 0.0994889 -0.0181715 0 0.233203 0.088346 0.447447 0.917553 -0.0390383 
0.0350295 -0.0165867 1.42863 0.0872665 0.0915722 0.0568959 -0.29704 -0.0776736 -0.067782 -1.0942 -0.112525 0.529036 0.603431 -0.0860008 -0.162617 0.0276707 -1.01687 0.278 -0.293086 -0.708561 0.00327605 -0.0788549 0.00623299 0.112005 -0.00295757 0.391572 0 -0.51626 0.03993 0.102482 0.101815 -0.0222324 0 0.229142 0.0868802 0.447127 0.917481 -0.0394977 
0.0394127 -0.0180276 1.42633 0.0872665 0.0957801 0.0587062 -0.297519 -0.0776643 -0.0706797 -1.09023 -0.112209 0.536906 0.611038 -0.0853752 -0.161703 0.0233199 -1.01638 0.278687 -0.296197 -0.709817 0.00379665 -0.0796692 6.54699e-005 0.109564 0.0028334 0.392386 0 -0.513275 0.0446577 0.102925 0.106027 -0.0257446 0 0.225631 0.0858458 0.446936 0.917368 -0.0386423 
0.0383582 -0.0161625 1.42588 0.0872665 0.0984287 0.0587868 -0.300897 -0.0868527 -0.0730477 -1.08743 -0.113533 0.538567 0.617767 -0.084993 -0.153444 0.0197488 -1.01581 0.281122 -0.292777 -0.712032 0.00433273 -0.082862 -0.00665745 0.112704 0.000484825 0.38516 0 -0.519501 0.0482152 0.103636 0.104102 -0.0240873 0 0.227288 0.0834816 0.447951 0.918241 -0.0386626 
0.037121 -0.0182873 1.4231 0.0872665 0.0951162 0.0535113 -0.304086 -0.0812794 -0.0641429 -1.08306 -0.099542 0.558367 0.605575 -0.0839077 -0.170303 0.0141258 -1.01579 0.279705 -0.285791 -0.727346 0.00472456 -0.0789129 -0.0106217 0.109369 0.000115459 0.384452 0 -0.519096 0.0439877 0.104407 0.105246 -0.0251469 0 0.226231 0.0895334 0.447408 0.918849 -0.0384849 
0.0350332 -0.0217182 1.41884 0.0872665 0.0882715 0.0462186 -0.292056 -0.0747903 -0.0564286 -1.06712 -0.0838284 0.5897 0.598101 -0.0825663 -0.186095 0.00739327 -1.01285 0.276193 -0.289773 -0.766498 0.0054151 -0.0945939 -0.0229814 0.106611 -0.00136385 0.380289 0 -0.522854 0.0496748 0.0981218 0.104486 -0.0270542 0 0.224325 0.0956573 0.446329 0.918475 -0.0379747 
0.0344176 -0.0226633 1.40085 0.0872665 0.0729447 0.0167113 -0.292677 -0.0515398 -0.0351318 -1.03078 -0.090244 0.61637 0.59552 -0.0831809 -0.203342 0.0106621 -1.00267 0.274497 -0.278814 -0.858914 0.00764154 -0.0673153 -0.0340073 0.10658 -0.00076787 0.372481 0 -0.523599 0.0615774 0.0936382 0.104324 -0.0331351 0 0.218244 0.108251 0.445753 0.91999 -0.0361278 
0.0357059 -0.0209923 1.39336 0.0872665 0.0631036 -0.00873876 -0.300679 -0.0293767 -0.0032805 -0.995276 -0.0707952 0.618992 0.563199 -0.0821033 -0.200463 0.00516053 -0.972972 0.264908 -0.295277 -0.950469 0.00874135 -0.0565233 -0.0418715 0.107691 0.000793545 0.357849 0.00525092 -0.523599 0.0726075 0.097775 0.10634 -0.0278961 0 0.223489 0.101906 0.446018 0.922356 -0.0346802 
0.0377164 -0.0280888 1.38303 0.0872665 0.0623018 -0.0238774 -0.282831 -0.0311488 0.0353123 -0.948381 -0.036818 0.603265 0.52182 -0.0822921 -0.206476 0.00616224 -0.911135 0.245653 -0.331265 -1.0492 0.00942754 -0.0507178 -0.0488055 0.101375 0.00807234 0.354819 0 -0.522917 0.0760755 0.0872182 0.114839 -0.0250989 0 0.226288 0.107704 0.443376 0.922429 -0.031591 
0.0366017 -0.031039 1.36673 0.0872665 0.0585631 -0.0473738 -0.274925 -0.039153 0.0772229 -0.89814 -0.00850779 0.581572 0.472691 -0.081079 -0.197108 0.000113042 -0.859109 0.240337 -0.319533 -1.1505 0.0100528 -0.0552538 -0.068218 0.0962377 0.00980606 0.349856 0.00475817 -0.523367 0.0933152 0.0820841 0.117725 -0.0375186 0 0.21393 0.157506 0.44242 0.92413 -0.0286522 
0.0467412 -0.0386525 1.35084 0.0872665 0.0563089 -0.0516211 -0.27137 -0.00505609 0.111276 -0.836428 0.0198437 0.535111 0.46651 -0.0865546 -0.178692 0.0299525 -0.822019 0.22463 -0.285761 -1.20132 0.0108234 -0.0566445 -0.0846007 0.0876633 0.0279576 0.339034 0.00147745 -0.5211 0.0978169 0.072781 0.13013 -0.0432145 0 0.208257 0.174253 0.439556 0.923678 -0.024493 
0.0414429 -0.0459868 1.33032 0.0872665 0.0395492 -0.0609232 -0.250236 -0.00793313 0.155394 -0.77732 0.0375307 0.461004 0.467119 -0.0942781 -0.143762 0.06743 -0.818704 0.21028 -0.231939 -1.24192 0.0123777 -0.0465069 -0.095154 0.0791901 0.0343437 0.322593 0 -0.523599 0.114239 0.0635865 0.137498 -0.0465216 0 0.204969 0.189621 0.43602 0.923566 -0.0168459 
0.0439061 -0.050123 1.32081 0.0872665 0.0473775 -0.0463217 -0.249542 -0.0380159 0.205827 -0.751304 0.047485 0.330817 0.525788 -0.103987 -0.0734895 0.0971699 -0.824018 0.215266 -0.145073 -1.25894 0.0148172 -0.019781 -0.0903354 0.0552133 0.0408806 0.307204 0.0294992 -0.523599 0.103128 0.0537168 0.143759 -0.0598348 0 0.191669 0.186477 0.4337 0.922924 -0.0117893 
0.0574655 -0.0566829 1.28806 0.0872665 0.0673949 -0.00814367 -0.254956 -0.0486457 0.251246 -0.751675 0.0373648 0.171016 0.584014 -0.117249 0.0368358 0.121935 -0.837336 0.212422 -0.0688217 -1.26463 0.0175019 0.0115857 -0.0800571 -0.00574498 0.0489874 0.298135 0.136682 -0.523315 0.0810718 0.0581211 0.162062 -0.0830607 0.000213993 0.168465 0.182924 0.431131 0.920858 -0.00624648 
0.0745613 -0.0573297 1.24539 0.0872665 0.0841186 0.0248975 -0.283363 -0.0651733 0.279043 -0.749017 -0.00471484 0.052091 0.658034 -0.125744 0.124508 0.158383 -0.898177 0.185999 0.0292441 -1.25553 0.0218729 0.0687762 -0.0704363 -0.0615407 0.0706241 0.262681 0.240011 -0.523599 0.0154088 0.0621424 0.1844 -0.108822 0 0.142711 0.179241 0.429568 0.916596 0.00188789 
0.0847953 -0.0676321 1.16218 0.0872665 0.0973094 0.0799331 -0.285404 -0.0626356 0.305861 -0.744355 -0.0613981 -0.00659877 0.657571 -0.129724 0.165712 0.176796 -0.970895 0.132865 0.097169 -1.23016 0.0245746 0.0947667 -0.0591271 -0.146789 0.0889353 0.251439 0.363625 -0.519497 -0.0420111 0.0671368 0.196277 -0.151814 0 0.0997206 0.15245 0.428113 0.913886 0.00611367 
0.108492 -0.0846865 1.09482 0.0860289 0.133346 0.134706 -0.271791 -0.0578826 0.322487 -0.733681 -0.108608 -0.0216776 0.63396 -0.133836 0.182066 0.170112 -1.02374 0.0689184 0.147018 -1.17058 0.023242 0.108832 -0.0796438 -0.260412 0.142274 0.223062 0.452307 -0.519598 -0.114027 0.0694488 0.224342 -0.19013 0 0.0613926 0.100036 0.427808 0.907243 0.0106181 
0.128069 -0.0983512 1.02233 0.0872665 0.168664 0.174533 -0.273751 -0.0685747 0.352395 -0.726699 -0.188019 -0.0180624 0.591749 -0.137141 0.200676 0.168927 -1.10302 0.0286205 0.185371 -1.17858 0.0245606 0.122345 -0.0794005 -0.328749 0.199519 0.186507 0.578487 -0.515025 -0.131278 0.0776205 0.242462 -0.236596 0 0.0149101 0.0921197 0.429918 0.9035 0.015199 
0.131726 -0.0999863 0.990735 0.0872665 0.174533 0.174533 -0.27074 -0.0754854 0.372063 -0.713928 -0.261819 -0.0186341 0.53848 -0.138929 0.213735 0.170695 -1.16076 -0.0426296 0.170546 -1.10889 0.0243527 0.135388 -0.0894753 -0.414278 0.238534 0.137289 0.685801 -0.477108 -0.120241 0.0924139 0.244376 -0.268357 0 -0.0168506 0.120656 0.433957 0.901218 0.0183034 
0.131246 -0.0876245 0.945055 0.0832823 0.174533 0.174533 -0.281005 -0.0764532 0.37807 -0.697265 -0.353131 0.00750232 0.494442 -0.138573 0.211285 0.170255 -1.22618 -0.0749434 0.139986 -1.08743 0.0251506 0.144743 -0.0902042 -0.444803 0.27005 0.0988917 0.7364 -0.401202 -0.0605115 0.112652 0.231498 -0.284821 0 -0.0333143 0.0855591 0.44229 0.899599 0.0206004 
0.131204 -0.055623 0.91621 0.0669662 0.174533 0.174533 -0.291537 -0.0958136 0.370374 -0.687106 -0.420925 0.04922 0.43919 -0.132211 0.166468 0.164426 -1.25147 -0.100687 0.0948748 -1.03295 0.0254036 0.160482 -0.0979863 -0.442333 0.276192 0.0565854 0.790729 -0.321526 0.0427793 0.157618 0.201543 -0.282608 0 -0.0310902 0.0769692 0.458597 0.900533 0.0217014 
0.128151 -0.0132232 0.898103 0.0546858 0.174533 0.174533 -0.333109 -0.118269 0.34041 -0.693872 -0.459075 0.0500179 0.392044 -0.130249 0.164347 0.175346 -1.25218 -0.11088 0.0468674 -1.00091 0.0304655 0.178046 -0.0780981 -0.408885 0.239153 0.0433785 0.839287 -0.246139 0.158787 0.19755 0.159845 -0.286034 0.0145171 -0.0341347 0.0593154 0.478633 0.902552 0.019856 
0.118531 0.0431991 0.903787 0.0340394 0.162796 0.174533 -0.37232 -0.163838 0.324779 -0.686662 -0.45203 0.0410089 0.345906 -0.126881 0.168856 0.200669 -1.23202 -0.109489 0.016802 -0.988142 0.0337726 0.199408 -0.0683589 -0.374896 0.193989 0.00715478 0.876381 -0.205851 0.228258 0.214789 0.114651 -0.279303 0.0592702 -0.0244323 0.0554865 0.497746 0.904389 0.0165805 
0.100681 0.0970635 0.943464 0.0184538 0.156818 0.174533 -0.419802 -0.210731 0.299159 -0.690132 -0.401542 -0.01807 0.33147 -0.131698 0.214077 0.230148 -1.16854 -0.107894 -0.0135586 -0.986943 0.0337341 0.210207 -0.0717464 -0.326623 0.128229 -0.0205757 0.849848 -0.195112 0.263663 0.208042 0.0698632 -0.264788 0.15483 -0.00470109 0.0221418 0.515357 0.906925 0.00708869 
0.060007 0.153689 0.98765 0.0167077 0.114126 0.174533 -0.455092 -0.227474 0.281573 -0.668471 -0.341838 -0.102875 0.331421 -0.142321 0.282442 0.255107 -1.12073 -0.0946745 -0.0310429 -0.991775 0.0301997 0.230913 -0.0950321 -0.255495 0.040766 -0.0308429 0.766486 -0.215857 0.270158 0.179831 0.0149154 -0.269522 0.269451 -0.000699166 0.00187215 0.531342 0.907924 -0.000413521 
0.000950842 0.19924 1.05427 0.025019 0.0337555 0.174533 -0.47239 -0.201631 0.266694 -0.616776 -0.271928 -0.214013 0.384871 -0.147023 0.340487 0.261799 -1.08238 -0.0860559 -0.0429989 -1.00452 0.0294624 0.239788 -0.101905 -0.201241 -0.0433777 -0.0253957 0.682498 -0.192373 0.263611 0.134223 -0.0393197 -0.290728 0.385757 -0.00814519 -0.0233761 0.541146 0.90813 -0.00620245 
-0.0388002 0.22928 1.12594 0.0076811 -0.0218623 0.174533 -0.467612 -0.175596 0.238429 -0.582651 -0.167536 -0.316263 0.4435 -0.147824 0.393675 0.261799 -1.02335 -0.107611 -0.0535153 -0.947075 0.0288941 0.254658 -0.110346 -0.149209 -0.0931779 0.000552518 0.602587 -0.129599 0.246073 0.0526091 -0.0644213 -0.281248 0.596197 -0.0323769 -0.0123582 0.542526 0.90951 -0.0114223 
-0.077885 0.234595 1.20634 0.00391417 -0.0718672 0.174533 -0.467498 -0.174545 0.197547 -0.568512 -0.0560942 -0.449854 0.547036 -0.14641 0.453859 0.261799 -0.98566 -0.120764 -0.0482211 -0.909633 0.0262999 0.266607 -0.125332 -0.12072 -0.121093 0.0381064 0.513554 -0.0897649 0.229378 -0.0358446 -0.0907991 -0.244036 0.779731 -0.08391 0.0283335 0.531649 0.9145 -0.0100017 
-0.131151 0.194486 1.32119 0.0296941 -0.120155 0.154819 -0.423453 -0.175542 0.170608 -0.567105 0.0624248 -0.553571 0.663518 -0.125198 0.482804 0.261799 -0.931073 -0.121124 -0.0327831 -0.899042 0.0249992 0.273949 -0.133574 -0.150279 -0.153546 0.0844139 0.434787 -0.0422196 0.243724 -0.0955429 -0.0897275 -0.355649 0.825285 -0.155432 0.0654337 0.51666 0.915217 -0.0106293 
-0.151545 0.109001 1.42163 0.0833835 -0.146699 0.132601 -0.360253 -0.14095 0.141236 -0.557929 0.184353 -0.620739 0.77927 -0.105359 0.500128 0.261799 -0.895016 -0.0829193 -0.00576672 -0.904333 0.0235448 0.30974 -0.156103 -0.241744 -0.154802 0.119618 0.39009 -0.0338571 0.281458 -0.164932 -0.0594048 -0.423736 0.813692 -0.166519 0.0940656 0.491396 0.915626 -0.00702607 
-0.150387 0.0485463 1.50468 0.0872665 -0.174533 0.127752 -0.287817 -0.103183 0.10256 -0.536199 0.335563 -0.673458 0.885571 -0.0885543 0.508138 0.261799 -0.854111 -0.057013 0.000797094 -0.90768 0.0170119 0.345856 -0.194514 -0.303521 -0.147532 0.102441 0.380274 -0.0807941 0.317449 -0.210849 -0.022253 -0.409097 0.801625 -0.0976668 0.107413 0.464624 0.914167 0.00347881 
-0.124147 0.0156716 1.60159 0.0872665 -0.174533 0.0990478 -0.261854 -0.0461985 0.0541562 -0.589261 0.475701 -0.685537 0.999564 -0.0662601 0.502886 0.261799 -0.828784 -0.00418409 0.00779304 -0.915516 0.0159547 0.374115 -0.213498 -0.322727 -0.139562 0.0920552 0.490228 -0.140671 0.28134 -0.203597 0.0143273 -0.411208 0.721038 -0.0207089 0.105786 0.445769 0.917491 0.0117382 
-0.0893749 0.000301164 1.67851 0.0872665 -0.174533 0.0640411 -0.246671 0.0246829 -0.00745718 -0.658305 0.587727 -0.682257 1.12907 -0.0380707 0.49938 0.261799 -0.827726 0.0495187 0.00083435 -0.906222 0.0176985 0.378286 -0.211321 -0.34181 -0.125782 0.0411724 0.732521 -0.201342 0.209787 -0.18237 0.0431208 -0.377958 0.646813 0.0337375 0.0877156 0.431902 0.918595 0.0226201 
-0.0566354 -0.0178632 1.77652 0.0872665 -0.174533 0.0161601 -0.237856 0.107114 -0.0815112 -0.788118 0.691195 -0.595643 1.27578 -0.0141025 0.500528 0.261799 -0.805923 0.126881 -0.0306254 -0.90523 0.0139184 0.369357 -0.216722 -0.327064 -0.110814 0.0248885 0.892305 -0.186772 0.159133 -0.170211 0.0513064 -0.364059 0.536993 0.071698 0.0607178 0.417475 0.920394 0.026861 
-0.0236769 -0.0215215 1.87877 0.0872665 -0.164038 -0.047862 -0.243087 0.170031 -0.168204 -0.986699 0.719986 -0.427218 1.43744 0.014018 0.513321 0.261799 -0.780345 0.208929 -0.0942393 -0.91085 0.00578787 0.356904 -0.231888 -0.261218 -0.0714309 0.00261571 0.949509 -0.178882 0.162985 -0.149252 0.0616928 -0.328741 0.455276 0.115373 0.0415163 0.406033 0.921499 0.0289252 
-0.013932 -0.0394355 1.99709 0.0872665 -0.162549 -0.12921 -0.220525 0.168027 -0.251768 -1.17314 0.710565 -0.232753 1.56238 0.0380962 0.490913 0.261799 -0.757831 0.282531 -0.162149 -0.886486 -0.00278281 0.345962 -0.249636 -0.19591 -0.0428349 -0.0200625 0.904658 -0.189277 0.178311 -0.140414 0.0480621 -0.295866 0.391667 0.168445 0.0446953 0.39415 0.922577 0.0273148 
0.00532268 -0.043396 2.06329 0.0872665 -0.14458 -0.174533 -0.215735 0.191506 -0.302236 -1.34494 0.669605 -0.0117906 1.64482 0.0611186 0.48819 0.261799 -0.70402 0.356781 -0.263328 -0.922917 -0.0171493 0.341163 -0.261799 -0.0945162 -0.0254111 -0.000871942 0.71494 -0.144439 0.243917 -0.159847 0.0486317 -0.267101 0.380958 0.20406 0.095808 0.378709 0.920996 0.0233488 
0.0142424 -0.0513341 2.08378 0.0872665 -0.141369 -0.174533 -0.216757 0.210374 -0.352415 -1.48507 0.629279 0.228103 1.64957 0.0912146 0.466532 0.261799 -0.683198 0.433007 -0.313522 -0.95922 -0.0297747 0.360482 -0.261799 -0.042472 -0.0279912 -0.0066327 0.583515 -0.128904 0.204544 -0.216475 0.0431543 -0.262819 0.422882 0.226935 0.126262 0.359208 0.921097 0.0180338 
0.0177611 -0.0690685 2.11848 0.0872665 -0.140334 -0.174533 -0.192281 0.194694 -0.375696 -1.55638 0.594676 0.463141 1.6293 0.125455 0.433837 0.261799 -0.650026 0.535513 -0.356347 -1.01258 -0.0429106 0.383999 -0.261799 0.0135882 -0.0388383 -0.007573 0.416449 -0.0912866 0.140569 -0.284791 0.0199223 -0.268023 0.48054 0.204423 0.139557 0.342416 0.918106 0.0137391 
0.0291838 -0.0552147 2.12062 0.0872665 -0.118264 -0.174533 -0.202339 0.177714 -0.358413 -1.59076 0.543026 0.632959 1.61415 0.160339 0.412891 0.261799 -0.620435 0.605942 -0.379115 -1.05818 -0.0539171 0.40969 -0.261799 0.0950703 -0.0220423 -0.0164442 0.267913 -0.0578717 0.0827461 -0.327604 0.0218101 -0.16728 0.543281 0.011518 0.0992958 0.336083 0.912707 0.0118799 
0.0164539 -0.0541848 2.13113 0.0872665 -0.13352 -0.174533 -0.206698 0.177371 -0.362607 -1.5989 0.528743 0.80114 1.58435 0.200718 0.385677 0.261799 -0.599353 0.669674 -0.411713 -1.07235 -0.0633911 0.406968 -0.261799 0.135059 -0.0345019 -0.0145386 0.205891 -0.0265949 0.0305857 -0.382785 -0.00411594 -0.0954951 0.685865 -0.0794137 0.0778699 0.330462 0.906186 0.00841345 
0.00955197 -0.0546755 2.14576 0.0872665 -0.141415 -0.174533 -0.207528 0.1783 -0.379396 -1.61204 0.521999 0.955286 1.54932 0.239004 0.368461 0.261799 -0.586896 0.712085 -0.419524 -1.07823 -0.0726061 0.41164 -0.261799 0.156575 -0.0466985 -0.0299942 0.165335 -0.022217 0.0071916 -0.398445 -0.0341326 -0.0180582 0.761193 -0.127609 0.0931071 0.325496 0.901584 0.00575909 
0.0114258 -0.0478275 2.1482 0.0872665 -0.148429 -0.174533 -0.205163 0.190003 -0.399803 -1.60556 0.563397 1.10816 1.48332 0.27328 0.355426 0.261799 -0.579692 0.735879 -0.41187 -1.0664 -0.0782674 0.421602 -0.261799 0.156469 -0.0412717 -0.0354215 0.163034 -0.0198717 -0.00866406 -0.392657 -0.0258942 -0.0292211 0.775765 -0.132706 0.123461 0.322015 0.899156 0.00688004 
0.0303548 -0.0290317 2.13282 0.0872665 -0.139419 -0.174533 -0.216507 0.197044 -0.42431 -1.5655 0.608672 1.21927 1.40769 0.304248 0.350741 0.261799 -0.584823 0.714904 -0.368851 -1.06273 -0.0850325 0.442313 -0.261799 0.137729 -0.00790744 -0.0277344 0.192507 -0.00977754 -0.0320582 -0.388783 0.0206537 -0.046838 0.755916 -0.0694323 0.163192 0.32185 0.897086 0.0131624 
0.0546749 -0.0028183 2.11157 0.0872665 -0.116527 -0.174533 -0.244694 0.198786 -0.439548 -1.50277 0.667183 1.30489 1.28357 0.329153 0.359571 0.261799 -0.590933 0.695837 -0.283527 -1.10085 -0.0948047 0.484998 -0.261799 0.0682435 0.0336087 -0.0350677 0.322096 0.00046189 -0.0510098 -0.39108 0.0775666 -0.0606368 0.775032 -0.0214849 0.225942 0.31988 0.899577 0.0187994 
0.086621 0.0132417 2.07676 0.0872665 -0.0750717 -0.174533 -0.257662 0.201511 -0.439799 -1.45878 0.73814 1.35114 1.13633 0.3485 0.389819 0.261799 -0.592439 0.63593 -0.184443 -1.1219 -0.107179 0.526877 -0.261799 -0.00826913 0.0757423 -0.0327505 0.449319 0.0201289 -0.10044 -0.385528 0.11599 -0.0868932 0.75255 -0.0182537 0.197267 0.310026 0.90357 0.0222843 
0.125267 0.0209643 1.99823 0.0872665 -0.0282541 -0.174533 -0.247823 0.21067 -0.419423 -1.39762 0.820756 1.36254 0.944878 0.359695 0.411207 0.261799 -0.585594 0.523652 -0.121032 -1.14483 -0.127724 0.547455 -0.261799 -0.0744979 0.0973864 0.0563046 0.554415 0.0799565 -0.116246 -0.341387 0.156821 -0.110472 0.62078 -0.0164068 0.213278 0.295682 0.90621 0.0250083 
0.155199 0.0167018 1.89045 0.0872665 0.0355753 -0.174533 -0.251972 0.170803 -0.365941 -1.32823 0.879463 1.34551 0.699677 0.365342 0.403059 0.256772 -0.579018 0.362448 -0.0389478 -1.16971 -0.137166 0.545502 -0.261799 -0.170869 0.110095 0.182306 0.736574 0.122896 -0.0749883 -0.311646 0.180955 -0.164976 0.490181 -0.0494908 0.223236 0.274962 0.911974 0.022348 
0.179126 0.00243833 1.77093 0.0872665 0.0922838 -0.173641 -0.245068 0.13065 -0.29643 -1.175 0.91086 1.36694 0.477182 0.376854 0.355139 0.252408 -0.577112 0.198065 0.0142386 -1.21023 -0.15149 0.537561 -0.261799 -0.212182 0.116092 0.303956 0.804255 0.109073 -0.0018203 -0.297732 0.197999 -0.223484 0.385076 -0.1017 0.266484 0.253294 0.920054 0.0163475 
0.190053 -0.0418909 1.64297 0.0872665 0.150879 -0.171311 -0.190098 0.108731 -0.208253 -1.01182 0.902591 1.39729 0.307355 0.394424 0.293962 0.2588 -0.558271 0.0288854 0.0572764 -1.24481 -0.166346 0.528296 -0.261799 -0.226305 0.0845055 0.453429 0.767164 0.170315 0.066507 -0.321419 0.19029 -0.276927 0.293409 -0.159513 0.329008 0.225564 0.923332 -0.000752216 
0.17173 -0.0841288 1.55278 0.0872665 0.174533 -0.172645 -0.144365 0.0756853 -0.120017 -0.856655 0.853353 1.43619 0.193164 0.415462 0.236488 0.261799 -0.566086 -0.121744 0.103764 -1.2754 -0.176572 0.523243 -0.261799 -0.257121 0.0386209 0.46953 0.748408 0.14861 0.0711122 -0.352351 0.147728 -0.263234 0.25118 -0.128601 0.402218 0.197694 0.924295 -0.0200269 
0.13797 -0.117132 1.41436 0.0872665 0.174533 -0.137376 -0.131138 0.0157611 -0.0310159 -0.731758 0.738054 1.47098 0.0883139 0.437108 0.184872 0.261799 -0.652331 -0.254712 0.114563 -1.30837 -0.181409 0.520054 -0.261799 -0.246761 0.0174308 0.423784 0.660873 0.0804669 0.107607 -0.383366 0.13298 -0.158807 0.355063 0.0239737 0.370196 0.170907 0.928515 -0.0311223 
0.0746128 -0.118272 1.33023 0.0872665 0.130076 -0.112532 -0.129997 -0.0581145 0.0368802 -0.639722 0.633592 1.46715 0.0366564 0.434638 0.210059 0.261799 -0.759243 -0.354116 0.108488 -1.3373 -0.185898 0.522983 -0.261799 -0.244523 -0.0191535 0.356551 0.590755 0.0541531 0.0810407 -0.364857 0.107701 -0.120783 0.543497 0.161088 0.261089 0.151339 0.927062 -0.0398327 
0.0204138 -0.0957565 1.25762 0.0872665 0.0748073 -0.0694658 -0.179201 -0.0962391 0.109876 -0.579789 0.547766 1.44556 0.0174533 0.41655 0.270185 0.244372 -0.896656 -0.36248 0.0806597 -1.35694 -0.189383 0.538211 -0.261799 -0.221536 -0.0552193 0.298401 0.538347 0.047433 0.0772316 -0.320472 0.101196 -0.0811678 0.773093 0.207573 0.17659 0.137454 0.92832 -0.0462852 
-0.0282725 -0.0693129 1.1412 0.0872665 0.0249571 0.0391147 -0.214543 -0.122883 0.143707 -0.518336 0.472646 1.4072 0.0174533 0.383679 0.358335 0.199936 -1.00302 -0.359248 0.0512946 -1.36026 -0.196769 0.536044 -0.261799 -0.201071 -0.0905533 0.247064 0.50014 0.0304343 0.0920931 -0.240967 0.0409676 -0.0122259 0.868405 0.206371 0.135024 0.124415 0.927323 -0.0509333 
-0.0734845 -0.0413195 1.0779 0.0872665 -0.0339994 0.131389 -0.223373 -0.124737 0.187025 -0.476207 0.453404 1.34828 0.0174533 0.334186 0.5143 0.137794 -1.05782 -0.321586 0.0389086 -1.36725 -0.207822 0.556857 -0.261799 -0.182049 -0.125382 0.19255 0.430829 0.00406504 0.111128 -0.136662 -0.0254036 0.0355213 0.821757 0.200785 0.172427 0.112271 0.924733 -0.0555854 
-0.106324 -0.0161771 1.06115 0.0872665 -0.0880643 0.174533 -0.250046 -0.137895 0.229262 -0.43867 0.434905 1.2886 0.0174533 0.2862 0.71263 0.0824355 -1.16724 -0.276774 0.0534979 -1.32246 -0.204701 0.55164 -0.251092 -0.188374 -0.148935 0.146251 0.404506 -0.0076955 0.14334 -0.0297473 -0.0551746 0.0531769 0.644258 0.207714 0.230297 0.0947523 0.926058 -0.0536608 
-0.118556 -0.00273128 1.09013 0.0872665 -0.115495 0.174533 -0.299532 -0.147985 0.274795 -0.413258 0.427094 1.2475 0.0174533 0.25999 0.785398 0.0591767 -1.21351 -0.254612 0.0517032 -1.26389 -0.196335 0.546214 -0.232519 -0.235965 -0.153469 0.120428 0.429682 0.022333 0.295389 0.0839193 -0.0428884 0.0410039 0.42119 0.221205 0.210767 0.0776543 0.925217 -0.0497671 
-0.117205 -0.00398112 1.11595 0.0872665 -0.111925 0.174533 -0.330154 -0.164129 0.272479 -0.400156 0.423322 1.18592 0.0174533 0.215647 0.785398 -0.00238476 -1.23842 -0.235433 0.0704825 -1.20533 -0.193381 0.534785 -0.22239 -0.300258 -0.157385 0.162219 0.467623 0.0459783 0.37505 0.193806 -0.0160254 0.0630636 0.194745 0.245217 0.13849 0.0593436 0.922297 -0.047982 
-0.115304 0.0100165 1.14756 0.0872665 -0.0933174 0.174533 -0.374844 -0.212293 0.243065 -0.399381 0.408159 1.13561 0.0628344 0.206106 0.785398 -0.0237765 -1.22085 -0.201094 0.0762747 -1.15795 -0.194563 0.515234 -0.217354 -0.356227 -0.171435 0.158436 0.569389 0.0471234 0.409486 0.29945 -0.00263519 0.0930976 0 0.276324 0.100512 0.0511696 0.917081 -0.0476173 
-0.105317 0.0228202 1.1593 0.0872665 -0.0697439 0.174533 -0.418932 -0.24254 0.226463 -0.391727 0.374764 1.07127 0.112199 0.223898 0.785398 -0.00780536 -1.20154 -0.153653 0.0919355 -1.12347 -0.198021 0.488616 -0.213991 -0.393451 -0.194076 0.176634 0.650757 0.0287418 0.465144 0.313099 0.00872066 0.0978614 0 0.281404 0.0884527 0.0475838 0.912392 -0.0473939 
-0.0862178 0.0351348 1.16134 0.0872665 -0.0297002 0.174533 -0.445955 -0.251585 0.211846 -0.396157 0.32503 0.963349 0.136774 0.228404 0.785398 -0.00513425 -1.14874 -0.107809 0.0937526 -1.08422 -0.199328 0.458135 -0.204041 -0.389205 -0.201502 0.205746 0.690372 -0.00100078 0.51057 0.329847 0.0232308 0.108671 0 0.292341 0.0634247 0.0470546 0.910351 -0.0506243 
-0.0793918 0.0508483 1.1787 0.0763037 -0.00824979 0.174533 -0.449629 -0.265535 0.190623 -0.399927 0.297522 0.835281 0.189128 0.252317 0.785398 0.0306945 -1.09033 -0.0509738 0.0929399 -1.06336 -0.20112 0.422656 -0.192954 -0.383417 -0.2284 0.251075 0.731768 -0.045451 0.538062 0.319097 0.0163635 0.121646 0.0371887 0.305864 0.0584527 0.0480844 0.908285 -0.0545936 
-0.0902686 0.0863543 1.18367 0.0707199 -0.0349603 0.174533 -0.453885 -0.203644 0.178544 -0.36555 0.232332 0.575177 0.322043 0.264694 0.785398 0.0681709 -1.05118 0.0317759 0.0595169 -1.02387 -0.211132 0.421445 -0.217282 -0.368237 -0.279744 0.249104 0.791122 -0.102068 0.547989 0.314051 -0.026995 0.105307 0.108015 0.288428 0.0615312 0.055413 0.910076 -0.0613699 
-0.124498 0.113737 1.2126 0.0642869 -0.0944171 0.174533 -0.440041 -0.136753 0.154951 -0.351352 0.184003 0.189478 0.483467 0.28188 0.785398 0.118729 -0.98575 0.129339 -0.0337229 -1.01641 -0.220479 0.399124 -0.228155 -0.352934 -0.315477 0.203284 0.782137 -0.101889 0.555709 0.277798 -0.0965336 0.0907535 0.168505 0.272837 0.0445974 0.0575174 0.912934 -0.069414 
-0.160942 0.14294 1.23436 0.0545354 -0.144208 0.174533 -0.440236 -0.118744 0.132401 -0.408339 0.149136 -0.237856 0.678552 0.30082 0.785398 0.170571 -0.932439 0.181322 -0.127122 -0.997131 -0.229352 0.38873 -0.245137 -0.300593 -0.342928 0.190559 0.702733 -0.0754606 0.557199 0.215278 -0.16538 0.0850569 0.317649 0.245775 -0.0219254 0.0558561 0.914642 -0.0765621 
-0.184688 0.145587 1.26179 0.0518912 -0.174533 0.159893 -0.410414 -0.108757 0.102515 -0.486287 0.148729 -0.549381 0.868119 0.329003 0.785398 0.22361 -0.863482 0.216126 -0.249106 -0.993943 -0.240577 0.383299 -0.261799 -0.252469 -0.349124 0.194169 0.600409 -0.0386336 0.518695 0.128818 -0.206172 0.0353402 0.494178 0.159361 -0.0937404 0.0481622 0.9161 -0.081837 
-0.189983 0.134843 1.27167 0.0431538 -0.174533 0.159007 -0.377023 -0.129971 0.0838811 -0.548104 0.198294 -0.743457 0.992376 0.363636 0.772775 0.261799 -0.814826 0.215791 -0.340054 -0.985261 -0.242809 0.389687 -0.261799 -0.216197 -0.323661 0.198355 0.480454 -0.000813592 0.459218 0.011632 -0.245246 0.0747346 0.694957 0.0212199 -0.0471471 0.0286244 0.917561 -0.0832529 
-0.18947 0.0992079 1.34117 0.0459357 -0.174533 0.13048 -0.342495 -0.10905 0.0393131 -0.619561 0.302665 -0.88031 1.11493 0.405685 0.753957 0.261799 -0.777724 0.259643 -0.428705 -0.985749 -0.244945 0.407524 -0.261799 -0.235094 -0.299304 0.200509 0.430828 0.0557535 0.423171 -0.0720457 -0.239199 0.025865 0.804361 -0.130135 0.0513327 0.00505904 0.922419 -0.0836695 
-0.188022 0.0436769 1.4243 0.0702117 -0.174533 0.0924686 -0.309605 -0.0926613 -0.00796352 -0.693583 0.406067 -0.955827 1.21922 0.444258 0.718842 0.261799 -0.780726 0.324189 -0.453928 -1.00767 -0.237572 0.449626 -0.261799 -0.259278 -0.273396 0.223086 0.34864 0.125959 0.479102 -0.126645 -0.181649 -0.0864865 0.803042 -0.159272 0.0886 -0.020481 0.926755 -0.0818487 
-0.168101 -0.0106233 1.49292 0.0872665 -0.174533 0.0786016 -0.270428 -0.0650976 -0.056454 -0.799073 0.524762 -0.96086 1.31358 0.474321 0.683005 0.261799 -0.823444 0.39078 -0.464528 -1.02331 -0.223317 0.492103 -0.250875 -0.315093 -0.235466 0.273381 0.295738 0.206943 0.507052 -0.177236 -0.0975055 -0.2063 0.760965 -0.166885 0.142026 -0.0517134 0.931511 -0.0717534 
-0.142678 -0.060599 1.59296 0.0872665 -0.174533 0.0483358 -0.211274 -0.0252791 -0.104538 -0.895469 0.642693 -0.856574 1.35571 0.485579 0.665695 0.260237 -0.84774 0.448897 -0.488153 -1.03827 -0.228138 0.519028 -0.261799 -0.367369 -0.212186 0.240792 0.311144 0.158501 0.478727 -0.199949 -0.0319166 -0.251701 0.712737 -0.0889662 0.184672 -0.0803561 0.933905 -0.0638778 
-0.108734 -0.09987 1.70261 0.0872665 -0.174533 -0.0228708 -0.172603 0.0279771 -0.137249 -1.03159 0.69688 -0.684708 1.41969 0.498359 0.639581 0.260509 -0.872394 0.472385 -0.484874 -1.01362 -0.22911 0.54928 -0.261799 -0.404882 -0.199815 0.154745 0.432803 0.0771701 0.410492 -0.212114 0.00702669 -0.25028 0.652452 -0.0235503 0.168587 -0.106399 0.934968 -0.0571005 
-0.0716687 -0.116282 1.77482 0.0872665 -0.169922 -0.0623378 -0.153662 0.0930073 -0.140057 -1.13526 0.704477 -0.431324 1.43454 0.509162 0.591792 0.254472 -0.88545 0.468732 -0.510757 -0.946983 -0.235695 0.5703 -0.261799 -0.398148 -0.179014 0.12319 0.585176 0.042663 0.296537 -0.206592 0.0304624 -0.21991 0.574608 0.0265155 0.13319 -0.127526 0.935444 -0.0501324 
-0.0493943 -0.119755 1.83773 0.0872665 -0.158082 -0.114757 -0.170846 0.110424 -0.141288 -1.22465 0.666601 -0.178246 1.42804 0.520484 0.542509 0.25389 -0.892491 0.462601 -0.479556 -0.907932 -0.244994 0.607942 -0.261799 -0.369728 -0.165272 0.122565 0.755012 0.0298548 0.148999 -0.201536 0.0403211 -0.189029 0.529933 0.084847 0.0845653 -0.142542 0.93694 -0.046373 
-0.02136 -0.123445 1.89074 0.0872665 -0.138718 -0.174533 -0.151868 0.127022 -0.15235 -1.24798 0.612768 0.091892 1.45331 0.526589 0.494571 0.243496 -0.889627 0.475598 -0.436562 -0.89698 -0.24159 0.63876 -0.254668 -0.303465 -0.125592 0.119279 0.831414 -0.0281992 0.118411 -0.183214 0.0565052 -0.164616 0.434681 0.140231 0.109456 -0.154432 0.934593 -0.0429157 
0.0025904 -0.120516 1.90164 0.0872665 -0.0953411 -0.174533 -0.137693 0.114705 -0.173502 -1.32699 0.594243 0.345812 1.43562 0.541825 0.427046 0.245046 -0.835664 0.490717 -0.431543 -0.889227 -0.251392 0.654967 -0.261799 -0.224552 -0.0894563 0.0901413 0.787469 -0.0803935 0.143884 -0.193448 0.0698846 -0.171625 0.405017 0.155279 0.115664 -0.170935 0.93534 -0.0459473 
0.00736675 -0.12893 1.91569 0.0872665 -0.0620262 -0.174533 -0.128132 0.0933031 -0.209317 -1.4488 0.590656 0.567124 1.38735 0.567309 0.356379 0.259396 -0.745554 0.546865 -0.463131 -0.941774 -0.269837 0.66551 -0.261799 -0.156747 -0.0830238 0.0392883 0.645409 -0.0681596 0.214841 -0.244276 0.0510613 -0.174855 0.424835 0.16406 0.154983 -0.192338 0.934989 -0.0567552 
-0.00734868 -0.148349 1.92972 0.0872665 -0.0812063 -0.174533 -0.0965967 0.0870327 -0.259413 -1.50931 0.600138 0.745381 1.34765 0.60455 0.27627 0.261799 -0.697157 0.620712 -0.471133 -0.997553 -0.274081 0.686748 -0.261749 -0.084766 -0.100399 -0.0500584 0.443215 -0.0942424 0.215859 -0.306053 0.0170339 -0.159249 0.466708 0.143555 0.203928 -0.210888 0.935063 -0.0617373 
-0.0353649 -0.165169 1.91224 0.0872665 -0.118171 -0.174533 -0.0854854 0.0763194 -0.287112 -1.56377 0.61938 0.825341 1.29982 0.630169 0.224695 0.261799 -0.652173 0.654189 -0.496751 -1.0522 -0.286868 0.685101 -0.261799 -0.0175003 -0.138043 -0.0859936 0.284858 -0.047979 0.193891 -0.414147 -0.04465 -0.0561874 0.561126 0.096519 0.240683 -0.227104 0.931757 -0.0664779 
-0.069239 -0.182638 1.89142 0.0872665 -0.163927 -0.174533 -0.0772051 0.0959842 -0.299617 -1.59876 0.641534 0.889996 1.25567 0.645635 0.195292 0.261799 -0.612689 0.710416 -0.502926 -1.10787 -0.299537 0.679569 -0.261799 0.0266115 -0.191244 -0.0943362 0.170014 -0.00892347 0.177035 -0.544127 -0.101286 -0.000333998 0.733987 0.00645653 0.255526 -0.245892 0.925034 -0.0745335 
-0.0873203 -0.178608 1.90542 0.0872665 -0.174533 -0.174533 -0.0899026 0.0475395 -0.266083 -1.63392 0.635084 0.954154 1.24233 0.658758 0.163966 0.261799 -0.577326 0.768283 -0.505558 -1.13978 -0.316669 0.659345 -0.261799 0.0714578 -0.219874 -0.105415 0.0998097 -0.00470896 0.119872 -0.608822 -0.127862 0.0109499 0.890754 -0.0372445 0.285873 -0.254616 0.91867 -0.0796789 
-0.0802041 -0.161601 1.92193 0.0872665 -0.174533 -0.174533 -0.122517 0.0589615 -0.235203 -1.68622 0.644053 1.05373 1.21442 0.674631 0.12642 0.261799 -0.559007 0.803621 -0.544959 -1.13925 -0.340749 0.623109 -0.261799 0.0780507 -0.208906 -0.123973 0.109918 -0.0191441 0.0761343 -0.614203 -0.110642 0.000411067 0.954352 -0.049148 0.308469 -0.259563 0.916055 -0.0776347 
-0.0643014 -0.145591 1.94047 0.0872665 -0.174533 -0.174533 -0.137021 0.0884784 -0.201866 -1.70756 0.667934 1.16684 1.20556 0.687061 0.101788 0.261799 -0.54377 0.803783 -0.618488 -1.10608 -0.366382 0.559682 -0.261799 0.042761 -0.18253 -0.118257 0.189535 -0.0100981 0.0531247 -0.578875 -0.0688534 -0.053697 0.924474 -0.0465832 0.329575 -0.263841 0.915837 -0.0726327 
-0.0408993 -0.120896 1.93195 0.0872665 -0.162678 -0.174533 -0.168221 0.109954 -0.18237 -1.69711 0.70722 1.26097 1.2032 0.695936 0.0848405 0.261799 -0.511656 0.78894 -0.678212 -1.1112 -0.401031 0.501826 -0.261799 0.00355118 -0.140327 -0.126151 0.264688 -0.02093 0.044908 -0.558224 -0.0176964 -0.0674626 0.888169 -0.0276089 0.38472 -0.268101 0.916441 -0.0638128 
0.00494507 -0.0877436 1.90266 0.0872665 -0.125357 -0.174533 -0.213573 0.140458 -0.158339 -1.65978 0.780198 1.32797 1.16858 0.696514 0.0934852 0.261799 -0.481785 0.7115 -0.717154 -1.10668 -0.437114 0.447441 -0.261799 -0.0394616 -0.0711564 -0.121572 0.336657 -0.0211385 0.0232127 -0.520371 0.0544217 -0.0593119 0.829747 0.00263804 0.366854 -0.275016 0.917273 -0.0519369 
0.0532837 -0.0582225 1.83106 0.0872665 -0.0788162 -0.174533 -0.249127 0.161841 -0.134768 -1.60427 0.8624 1.35564 1.10088 0.699401 0.0949819 0.261799 -0.452916 0.621821 -0.673343 -1.13584 -0.453686 0.422577 -0.261799 -0.0624284 -0.0123218 -0.118687 0.387124 -0.0106915 -0.0321679 -0.472233 0.120732 -0.046277 0.732994 0.00338016 0.330512 -0.282996 0.916336 -0.0422181 
0.0955332 -0.0434866 1.7683 0.0872665 -0.0326294 -0.174533 -0.25107 0.167609 -0.111377 -1.54585 0.92461 1.34779 0.997881 0.701977 0.0940001 0.261799 -0.432186 0.541118 -0.589969 -1.16525 -0.466189 0.402062 -0.255939 -0.0878936 0.035541 -0.0532657 0.420137 0.0790021 -0.0470254 -0.407321 0.174177 -0.057254 0.606537 -0.0215211 0.294981 -0.293851 0.916789 -0.0351684 
0.121711 -0.0461523 1.67208 0.0872665 0.00370889 -0.174533 -0.237583 0.169762 -0.0836916 -1.47468 0.977392 1.29014 0.855332 0.700061 0.109725 0.261799 -0.431043 0.419282 -0.468044 -1.19478 -0.471917 0.390571 -0.261287 -0.111696 0.0575684 0.00867839 0.503402 0.117006 -0.0531102 -0.35906 0.209024 -0.107302 0.482901 -0.077831 0.268722 -0.310235 0.918161 -0.0350121 
0.115344 -0.0521621 1.60978 0.0872665 0.0276299 -0.174533 -0.242198 0.119722 -0.0384372 -1.40064 1.0128 1.20858 0.686486 0.692516 0.13548 0.251366 -0.447638 0.327848 -0.315177 -1.24704 -0.472245 0.396789 -0.261737 -0.158129 0.04553 0.0871909 0.603921 0.13805 -0.0166961 -0.317466 0.191608 -0.185668 0.346807 -0.156591 0.3006 -0.331132 0.924018 -0.0426805 
0.0997732 -0.0814013 1.53056 0.0872665 0.0502638 -0.174533 -0.195222 0.0779087 0.00837577 -1.30414 1.05601 1.13167 0.494804 0.688095 0.14771 0.241247 -0.479368 0.250178 -0.136412 -1.34913 -0.467895 0.41521 -0.257416 -0.233791 -0.00225633 0.190756 0.657897 0.159964 0.067698 -0.322896 0.160591 -0.275569 0.237453 -0.254334 0.364985 -0.35968 0.92873 -0.0548154 
0.0706715 -0.112728 1.42683 0.0872665 0.0628737 -0.147031 -0.159796 0.0196 0.0553328 -1.16222 1.06192 1.04822 0.328464 0.677555 0.179679 0.22201 -0.540306 0.154715 -0.000465636 -1.44936 -0.461969 0.430069 -0.250654 -0.268718 -0.0485102 0.199217 0.624389 0.0826328 0.109378 -0.360024 0.126088 -0.30112 0.251575 -0.261799 0.384377 -0.389806 0.933844 -0.066491 
0.0159793 -0.121947 1.27842 0.0872665 0.0317418 -0.0740062 -0.135932 -0.0141828 0.10798 -1.01857 1.02641 0.96753 0.179817 0.662717 0.225935 0.195909 -0.585623 0.0569356 0.0203526 -1.51653 -0.454499 0.448343 -0.242699 -0.289342 -0.0912646 0.167871 0.594874 0.0218423 0.126074 -0.373374 0.0855191 -0.234644 0.409317 -0.172585 0.353744 -0.413463 0.935389 -0.0781602 
-0.0357633 -0.105897 1.18428 0.0872665 -0.00292588 -0.0381896 -0.130308 -0.0499831 0.162737 -0.900781 0.953116 0.91756 0.106409 0.653592 0.269982 0.191123 -0.618441 -0.00200943 0.00744521 -1.57866 -0.452668 0.439904 -0.234336 -0.273306 -0.129049 0.131401 0.525056 0.00843531 0.147684 -0.343483 0.0296228 -0.204607 0.538567 -0.0762289 0.297955 -0.42949 0.931752 -0.0897702 
-0.0688237 -0.0742319 1.08797 0.0872665 -0.0347608 0.0232987 -0.16058 -0.0537133 0.205168 -0.819646 0.855919 0.870786 0.0981989 0.643654 0.33641 0.198195 -0.611409 -0.0530115 -0.0690783 -1.59559 -0.456511 0.412762 -0.229871 -0.247401 -0.161453 0.11697 0.474397 0.00284571 0.177159 -0.303948 -0.0229416 -0.158524 0.719187 0.0270446 0.230339 -0.439962 0.927653 -0.0958234 
-0.108868 -0.0404694 1.00464 0.0872665 -0.0732314 0.0835791 -0.176194 -0.0917507 0.242898 -0.736332 0.738944 0.82565 0.12239 0.640922 0.407633 0.228077 -0.639084 -0.0694425 -0.113669 -1.61356 -0.458947 0.408403 -0.233733 -0.231672 -0.193614 0.0765087 0.421945 -0.0460267 0.180333 -0.241735 -0.0969506 -0.110318 0.795173 0.116712 0.120073 -0.452726 0.925114 -0.10061 
-0.124413 -0.0134264 0.925405 0.0872665 -0.102306 0.161025 -0.19972 -0.0897497 0.273256 -0.669872 0.630207 0.785274 0.183866 0.652581 0.484146 0.261799 -0.661147 -0.0670115 -0.178369 -1.6199 -0.460817 0.374418 -0.219238 -0.224928 -0.20008 0.0511311 0.37085 -0.104621 0.238089 -0.16678 -0.139447 -0.0407146 0.760953 0.198438 0.103031 -0.467749 0.925037 -0.100155 
-0.136659 -0.0018073 0.895316 0.0872665 -0.129606 0.174533 -0.237957 -0.105078 0.300657 -0.591869 0.510302 0.761431 0.25241 0.68478 0.53349 0.261799 -0.721717 -0.110771 -0.220908 -1.56047 -0.465195 0.322597 -0.202556 -0.300683 -0.191079 0.0345914 0.448624 -0.147594 0.300811 -0.0958984 -0.133835 -0.0241344 0.612179 0.227319 0.0851136 -0.495345 0.930404 -0.0973537 
-0.145517 -0.00106361 0.888583 0.0872665 -0.15666 0.174533 -0.250698 -0.116419 0.319556 -0.513157 0.40448 0.759629 0.320144 0.734938 0.578301 0.261799 -0.784431 -0.153111 -0.253045 -1.49342 -0.474774 0.277432 -0.206624 -0.378963 -0.164197 0.0176112 0.510015 -0.107144 0.355769 -0.0108016 -0.115656 -0.0236367 0.387624 0.275321 0.00918552 -0.525218 0.932708 -0.0930837 
-0.12577 -0.0204492 0.876653 0.0872665 -0.123815 0.174533 -0.255802 -0.151027 0.330837 -0.45435 0.290657 0.765785 0.399181 0.792863 0.625556 0.261799 -0.837576 -0.197376 -0.261853 -1.42017 -0.485848 0.241805 -0.22125 -0.483867 -0.0794039 -0.0395887 0.612299 -0.0129439 0.387578 0.0717902 -0.0654496 -0.0064184 0.171917 0.304505 -0.0650642 -0.549971 0.929103 -0.0879538 
-0.108168 -0.0279675 0.851086 0.0872665 -0.107114 0.174533 -0.272667 -0.166168 0.352689 -0.398641 0.194376 0.774545 0.424767 0.857636 0.660106 0.261799 -0.911277 -0.233571 -0.252897 -1.38111 -0.496573 0.201093 -0.227472 -0.585166 -0.00125717 -0.065644 0.763075 0.0433384 0.33233 0.134609 -0.022526 1.79483e-005 0.0100373 0.312967 -0.0682076 -0.571491 0.923754 -0.0833157 
-0.0816131 -0.0459372 0.829451 0.0872665 -0.0813102 0.174533 -0.257928 -0.124176 0.372588 -0.328105 0.0806419 0.729935 0.482629 0.912251 0.754868 0.261799 -0.97084 -0.228382 -0.227684 -1.36986 -0.498806 0.184494 -0.21936 -0.634547 0.0822289 -0.0773012 0.868791 0.0414189 0.310867 0.137947 0.0210653 -0.00932885 0 0.303581 -0.114114 -0.58671 0.916631 -0.0798391 
-0.0676448 -0.0421292 0.797977 0.0872665 -0.0710524 0.174533 -0.261825 -0.12693 0.389622 -0.29251 -0.0252831 0.674571 0.472033 0.957378 0.785398 0.261799 -1.04779 -0.228117 -0.202055 -1.34212 -0.50095 0.175581 -0.220532 -0.649748 0.13161 -0.0917775 0.987604 0.0377277 0.321865 0.143732 0.0344977 -0.0233169 0 0.289583 -0.134853 -0.596249 0.914434 -0.0762617 
-0.0485182 -0.0429634 0.78153 0.0872665 -0.0230539 0.174533 -0.250302 -0.135688 0.414106 -0.304669 -0.129405 0.583766 0.493944 0.984878 0.785398 0.261799 -1.06746 -0.182281 -0.188054 -1.36079 -0.50085 0.185202 -0.232922 -0.616405 0.138892 -0.108384 0.997277 0.052347 0.367236 0.15809 0.0410416 -0.0287027 0 0.284212 -0.15521 -0.59236 0.912592 -0.0771036 
-0.0597496 -0.00473425 0.768591 0.0872665 -0.0297466 0.174533 -0.29565 -0.208499 0.430171 -0.315471 -0.198704 0.534441 0.467739 1.0328 0.785398 0.261799 -1.11618 -0.125664 -0.185248 -1.36068 -0.498228 0.203649 -0.242298 -0.525593 0.0961647 -0.14793 0.886502 0.0183614 0.445297 0.173817 0.00558125 -0.0241671 0.00159569 0.289254 -0.157723 -0.591546 0.915043 -0.0759701 
-0.0829248 0.0465975 0.786263 0.0872665 -0.0599705 0.174533 -0.323372 -0.243302 0.43724 -0.34416 -0.231619 0.469944 0.476005 1.0472 0.785043 0.261799 -1.12071 -0.0474871 -0.197275 -1.36273 -0.495469 0.224289 -0.253574 -0.448196 0.0230381 -0.189873 0.794935 -0.0399193 0.456315 0.150382 -0.0645273 -0.0292809 0.0868969 0.285917 -0.127966 -0.580201 0.921029 -0.0791552 
-0.106034 0.10914 0.83635 0.0707409 -0.0892192 0.174533 -0.385366 -0.287752 0.40791 -0.396502 -0.235908 0.400179 0.590807 1.0472 0.783631 0.261799 -1.10541 0.0495962 -0.209606 -1.36916 -0.484656 0.263354 -0.249011 -0.359465 -0.0585927 -0.216538 0.69523 -0.0637736 0.468959 0.133878 -0.132001 -0.0492129 0.220894 0.26345 -0.158209 -0.569068 0.929093 -0.0840345 
-0.11291 0.177496 0.885494 0.0345789 -0.113997 0.174533 -0.455848 -0.297512 0.384683 -0.447759 -0.234114 0.408015 0.715628 1.0472 0.75657 0.261799 -1.05319 0.136713 -0.321533 -1.35405 -0.480647 0.28275 -0.251605 -0.271628 -0.129471 -0.214546 0.622961 -0.0726868 0.473883 0.140087 -0.198361 -0.0487789 0.350161 0.264928 -0.203994 -0.557681 0.93323 -0.0866581 
-0.125928 0.202798 0.954939 0.0109413 -0.144478 0.174533 -0.468026 -0.24717 0.364441 -0.454926 -0.203046 0.466778 0.948285 1.0472 0.704164 0.261799 -0.980653 0.258467 -0.500297 -1.41156 -0.475913 0.302995 -0.248398 -0.202744 -0.17796 -0.163843 0.536271 -0.0478434 0.479219 0.0886443 -0.23732 0.034097 0.538412 0.373805 -0.259561 -0.560937 0.931759 -0.0891062 
-0.143415 0.209268 1.02235 -0.00709547 -0.174533 0.174533 -0.463225 -0.202999 0.345917 -0.482501 -0.149017 0.587808 1.17508 1.0472 0.629355 0.261799 -0.923029 0.363121 -0.69129 -1.43156 -0.474497 0.299642 -0.240326 -0.17868 -0.193033 -0.124679 0.463922 -0.0284389 0.475581 0.0420935 -0.259512 0.101393 0.658022 0.414428 -0.158015 -0.57485 0.932364 -0.090081 
-0.142175 0.181881 1.08961 -0.0133633 -0.174533 0.174533 -0.433866 -0.152587 0.305002 -0.542726 -0.095798 0.728813 1.35344 1.0472 0.536352 0.261799 -0.893863 0.46007 -0.888407 -1.43042 -0.473417 0.288889 -0.227983 -0.214905 -0.170647 -0.109112 0.45166 -0.0140697 0.46148 0.0351401 -0.222843 0.119219 0.654423 0.389602 -0.0958606 -0.593396 0.934588 -0.0881424 
-0.142075 0.141496 1.13056 0.000355508 -0.174533 0.174533 -0.383024 -0.116764 0.268504 -0.545071 -0.087254 0.939617 1.58013 1.0472 0.467482 0.261799 -0.858863 0.549248 -1.03266 -1.5014 -0.459455 0.303383 -0.190253 -0.295335 -0.136318 -0.131253 0.482985 0.00197447 0.514022 0.0503352 -0.174593 0.120022 0.548641 0.374917 -0.0832104 -0.614334 0.934638 -0.0840481 
-0.132481 0.0911691 1.15188 0.0154691 -0.174533 0.174242 -0.33637 -0.0753206 0.251245 -0.585433 -0.0579001 1.11507 1.63571 1.0472 0.373588 0.261799 -0.879645 0.57496 -1.14973 -1.52585 -0.446671 0.296252 -0.145351 -0.388136 -0.0911265 -0.180204 0.492562 -0.0121734 0.557124 0.055652 -0.109164 0.138508 0.419055 0.389937 -0.0627021 -0.640091 0.933877 -0.076749 
-0.131345 0.0542584 1.17486 0.0438877 -0.174533 0.165267 -0.305254 -0.0397551 0.242887 -0.634001 -0.0755306 1.23171 1.65514 1.04529 0.332209 0.254101 -0.87734 0.618504 -1.18918 -1.57358 -0.427419 0.317249 -0.088252 -0.457466 -0.0589765 -0.261308 0.481688 -0.0760614 0.564535 0.0666285 -0.0677801 0.139889 0.30788 0.413933 -0.0650464 -0.653828 0.936631 -0.0734747 
-0.112286 0.0386116 1.165 0.0367785 -0.174533 0.156526 -0.28821 -0.0155095 0.257137 -0.675538 -0.0554711 1.2898 1.62465 1.03816 0.324806 0.232596 -0.934935 0.570937 -1.22487 -1.63599 -0.417342 0.301969 -0.054479 -0.496865 -0.0244003 -0.335936 0.492997 -0.110593 0.555115 0.111096 -0.0191812 0.121657 0.179267 0.406535 -0.0614901 -0.672522 0.934747 -0.0652205 
-0.0886894 0.00101323 1.15406 0.0595045 -0.136268 0.148568 -0.265797 -0.00438447 0.26869 -0.694875 -0.0952769 1.28133 1.57708 1.02939 0.343122 0.217833 -0.84364 0.60668 -1.23063 -1.70999 -0.413123 0.321522 -0.0423183 -0.550351 0.0192251 -0.401575 0.536727 -0.14032 0.578218 0.121334 0.0285589 0.0993324 0.0954584 0.390608 -0.0900512 -0.682677 0.926434 -0.0627395 
-0.0469947 -0.0333503 1.11259 0.0872665 -0.0777545 0.140761 -0.284488 0.0274198 0.288461 -0.761333 -0.117994 1.27455 1.48986 1.02121 0.349202 0.197607 -0.813182 0.568641 -1.20898 -1.74009 -0.409248 0.34447 -0.0322239 -0.575664 0.0925368 -0.408438 0.591453 -0.168392 0.553544 0.125164 0.0828806 0.0644002 0.0302248 0.357666 -0.100742 -0.692983 0.91898 -0.0608229 
-0.0154173 -0.0428654 1.0389 0.0872665 -0.0167424 0.154181 -0.302721 -0.0222941 0.335686 -0.842374 -0.10804 1.26672 1.39451 1.00958 0.348704 0.163588 -0.756936 0.531516 -1.21281 -1.79621 -0.411034 0.405771 -0.0424956 -0.579098 0.14902 -0.380257 0.637562 -0.19808 0.521843 0.141376 0.112486 0.0263112 0 0.319883 -0.125143 -0.700553 0.912571 -0.0587487 
0.0196157 -0.062346 0.961602 0.0872665 0.0417782 0.164331 -0.304557 -0.0404404 0.376088 -0.899411 -0.0538717 1.2809 1.32452 0.999379 0.369738 0.142417 -0.812672 0.434239 -1.29789 -1.77151 -0.417627 0.400219 -0.0574893 -0.5651 0.210353 -0.360738 0.634595 -0.240484 0.471611 0.14723 0.146968 -0.0139411 0 0.279746 -0.150714 -0.704009 0.907756 -0.0557259 
0.0256886 -0.0702825 0.876245 0.0872665 0.0739734 0.173375 -0.304425 -0.0982751 0.418301 -0.928661 -0.00733153 1.35175 1.28528 1.00223 0.374134 0.151133 -0.815115 0.361013 -1.45601 -1.76131 -0.443226 0.354515 -0.115874 -0.551472 0.245086 -0.354622 0.628425 -0.286154 0.442419 0.142735 0.150683 -0.0449342 0 0.248853 -0.161641 -0.709166 0.905939 -0.055377 
0.0449359 -0.0742543 0.816221 0.0872665 0.105559 0.173304 -0.31933 -0.087763 0.452998 -0.931333 0.0100786 1.39707 1.27814 1.00553 0.382207 0.16294 -0.776426 0.328109 -1.4827 -1.69987 -0.45246 0.311705 -0.125902 -0.536073 0.279422 -0.352743 0.65137 -0.296547 0.425773 0.157711 0.157673 -0.0815575 0 0.212275 -0.144587 -0.706726 0.90914 -0.0564705 
0.0646719 -0.081468 0.746063 0.0865247 0.133578 0.174533 -0.340978 -0.0696193 0.477573 -0.959418 0.00970852 1.39359 1.28509 1.00396 0.399457 0.165821 -0.773504 0.299534 -1.4697 -1.72838 -0.463278 0.303769 -0.158657 -0.517771 0.319244 -0.345908 0.669005 -0.341655 0.438539 0.171873 0.161054 -0.110061 0 0.183777 -0.0949577 -0.704755 0.911197 -0.0561247 
0.0798848 -0.0856919 0.710059 0.0812831 0.173934 0.174533 -0.359513 -0.086801 0.508995 -0.970407 0.0222958 1.40387 1.2792 0.996223 0.427519 0.15733 -0.730824 0.310001 -1.42104 -1.70113 -0.460321 0.309455 -0.151911 -0.505205 0.342903 -0.360686 0.683296 -0.340141 0.43314 0.177623 0.160077 -0.143441 0 0.150399 -0.0462418 -0.701011 0.91427 -0.0594101 
0.0803253 -0.0823554 0.690655 0.0774912 0.174533 0.17205 -0.360696 -0.0905735 0.53454 -0.975333 0.0642085 1.43232 1.269 0.992139 0.458385 0.157923 -0.730564 0.300027 -1.47231 -1.71301 -0.470033 0.284782 -0.171328 -0.496831 0.353037 -0.38678 0.690807 -0.351055 0.434252 0.17741 0.153397 -0.152937 0 0.140902 -0.074851 -0.701156 0.914144 -0.0599383 
0.070749 -0.0860586 0.666084 0.0864056 0.174533 0.168603 -0.35388 -0.0934547 0.557974 -0.995774 0.0763031 1.45914 1.24009 0.987922 0.475473 0.15395 -0.718061 0.317325 -1.39623 -1.69905 -0.46046 0.293132 -0.141556 -0.498753 0.359114 -0.408682 0.695012 -0.355665 0.426188 0.167117 0.143411 -0.168935 0 0.124925 -0.0389262 -0.701023 0.913336 -0.0618522 
0.0698088 -0.0815951 0.661605 0.0872665 0.174533 0.170531 -0.358766 -0.103764 0.5786 -0.99507 0.0826207 1.47091 1.22354 0.982154 0.493011 0.146747 -0.68917 0.348312 -1.37923 -1.71704 -0.456311 0.309684 -0.134006 -0.492622 0.358985 -0.423252 0.694479 -0.362646 0.431703 0.172771 0.138355 -0.176399 0 0.11747 -0.0655971 -0.700909 0.91326 -0.0608627 
0.0703772 -0.0793 0.64476 0.0872665 0.174533 0.174533 -0.362828 -0.104264 0.590241 -0.986581 0.072143 1.46477 1.22952 0.974352 0.519695 0.137522 -0.671317 0.354764 -1.29337 -1.71567 -0.416301 0.396151 -0.0378664 -0.48853 0.359173 -0.405613 0.699888 -0.369041 0.423093 0.17664 0.133846 -0.190214 0 0.103659 -0.0781889 -0.700608 0.91213 -0.0597348 
0.0715418 -0.078613 0.6384 0.086237 0.174533 0.174533 -0.35717 -0.110009 0.597873 -0.980729 0.059187 1.45598 1.23886 0.966996 0.550733 0.130131 -0.693717 0.342634 -1.36099 -1.73362 -0.411997 0.4466 -0.0278387 -0.489568 0.357 -0.381761 0.704656 -0.384389 0.42748 0.179442 0.135649 -0.1913 0 0.102574 -0.0847562 -0.701362 0.910787 -0.0576331 
0.0800594 -0.080506 0.633011 0.0866497 0.174533 0.174533 -0.357541 -0.0904675 0.600282 -0.983909 0.0475058 1.44586 1.22827 0.960592 0.580032 0.123961 -0.708868 0.327297 -1.38606 -1.71386 -0.410103 0.443413 -0.0233263 -0.487413 0.36204 -0.353042 0.713008 -0.404321 0.416837 0.18791 0.143124 -0.199843 0 0.0940309 -0.0706061 -0.701768 0.910969 -0.0538754 
0.0822632 -0.0789652 0.632889 0.0843884 0.174533 0.174533 -0.357107 -0.089794 0.601912 -0.97949 0.0450063 1.45112 1.22542 0.958485 0.603257 0.124283 -0.704168 0.318688 -1.40714 -1.70801 -0.410089 0.435631 -0.0229712 -0.482954 0.360021 -0.353131 0.71165 -0.409741 0.431849 0.189695 0.14434 -0.199985 0 0.0938891 -0.0861635 -0.701748 0.911426 -0.0531825 
0.0799652 -0.0796947 0.632337 0.0872665 0.174533 0.174533 -0.358406 -0.0884155 0.604176 -0.98599 0.0261343 1.43539 1.23906 0.953973 0.630797 0.121296 -0.69134 0.317684 -1.35363 -1.70269 -0.397129 0.460949 0.00668848 -0.486452 0.359655 -0.3542 0.715885 -0.416714 0.428074 0.18643 0.142527 -0.197159 0 0.0967205 -0.0753724 -0.701839 0.911345 -0.0535141 
0.077278 -0.0719225 0.646204 0.0823778 0.174533 0.174533 -0.356687 -0.122535 0.608529 -0.969877 0.0148204 1.41551 1.22717 0.950121 0.646884 0.117557 -0.701939 0.334932 -1.38913 -1.72376 -0.39226 0.481852 0.018327 -0.48983 0.348544 -0.351072 0.71906 -0.420529 0.427883 0.191385 0.138752 -0.196451 0 0.0974326 -0.0616032 -0.702495 0.91252 -0.0526961 
0.0761195 -0.0714278 0.653792 0.0872665 0.174533 0.174533 -0.36983 -0.1335 0.612866 -0.964462 0.00772391 1.41514 1.23352 0.951394 0.65969 0.121619 -0.696606 0.316692 -1.4171 -1.71829 -0.382963 0.497332 0.0387981 -0.490067 0.344719 -0.339793 0.706913 -0.421928 0.449104 0.193473 0.140483 -0.188984 0 0.104901 -0.0601613 -0.703091 0.912411 -0.0516914 
0.0722048 -0.0694771 0.65887 0.0871732 0.174533 0.174533 -0.37876 -0.15963 0.631229 -0.969349 0.0134602 1.43354 1.22657 0.954712 0.666433 0.128068 -0.678902 0.316076 -1.39352 -1.735 -0.375754 0.538938 0.0573477 -0.494335 0.344528 -0.349241 0.709065 -0.422117 0.460221 0.187346 0.139459 -0.19011 0 0.103778 -0.0717142 -0.705678 0.912287 -0.0512086 
0.069762 -0.0717721 0.670892 0.0872665 0.174533 0.174533 -0.375056 -0.16371 0.641574 -0.971503 0.0207361 1.43217 1.22538 0.956531 0.687831 0.134476 -0.708987 0.316332 -1.42696 -1.73853 -0.378743 0.531307 0.0508869 -0.499067 0.343967 -0.355471 0.697801 -0.418806 0.474345 0.181316 0.142869 -0.184314 0 0.109575 -0.0727787 -0.707285 0.912343 -0.0517354 
0.0663496 -0.075046 0.678918 0.0872665 0.174533 0.174533 -0.365136 -0.165298 0.654077 -0.970217 0.0302068 1.44317 1.21378 0.966924 0.689718 0.150942 -0.686109 0.328023 -1.42189 -1.73781 -0.37209 0.557253 0.0661902 -0.496695 0.344117 -0.366843 0.672303 -0.416583 0.481021 0.175502 0.146397 -0.180455 0 0.113434 -0.0771679 -0.709521 0.911736 -0.0525157 
0.0675736 -0.0769623 0.687098 0.0872665 0.174533 0.174533 -0.369198 -0.152451 0.650616 -0.976636 0.0408664 1.44906 1.20803 0.97119 0.693024 0.158216 -0.711572 0.326095 -1.41956 -1.72369 -0.368975 0.564279 0.0727488 -0.503543 0.349137 -0.381775 0.679349 -0.412299 0.476634 0.16961 0.149147 -0.183162 0 0.110726 -0.0774135 -0.710376 0.91276 -0.053619 
0.0639086 -0.0798875 0.695463 0.0872665 0.173965 0.174533 -0.358431 -0.157649 0.644187 -0.967187 0.0468722 1.44804 1.21357 0.974515 0.699121 0.164584 -0.691447 0.332255 -1.44076 -1.741 -0.374456 0.583139 0.0648145 -0.509882 0.350864 -0.399986 0.676141 -0.405586 0.485733 0.164973 0.152428 -0.176016 0 0.117872 -0.0797613 -0.712734 0.91172 -0.054596 
0.063534 -0.0785828 0.700641 0.0854279 0.172058 0.174419 -0.363603 -0.159067 0.638897 -0.963125 0.0473441 1.44168 1.22018 0.976134 0.707422 0.168767 -0.702721 0.329672 -1.44426 -1.72414 -0.3771 0.592399 0.0610244 -0.514676 0.353894 -0.406818 0.681585 -0.402247 0.492589 0.165439 0.151658 -0.16915 0 0.124737 -0.0895098 -0.713198 0.912064 -0.0554325 
0.0604291 -0.0781768 0.693399 0.0866505 0.172533 0.174533 -0.364314 -0.161706 0.641871 -0.961325 0.0425152 1.44745 1.21874 0.978175 0.716102 0.173649 -0.685212 0.339037 -1.42409 -1.73633 -0.376252 0.634378 0.0659842 -0.509251 0.348094 -0.399301 0.66439 -0.392375 0.482198 0.162005 0.148126 -0.174334 0 0.119553 -0.0854498 -0.713269 0.911743 -0.0569537 
0.0604412 -0.0751271 0.684008 0.0865757 0.168996 0.174533 -0.373793 -0.149673 0.645518 -0.987843 0.045692 1.45223 1.1885 0.979031 0.704894 0.172677 -0.670852 0.337702 -1.42692 -1.75586 -0.382119 0.684963 0.0607666 -0.499704 0.345808 -0.399094 0.660497 -0.390125 0.478106 0.161361 0.141652 -0.171957 0 0.12193 -0.076762 -0.711538 0.911504 -0.0581795 
0.0632518 -0.0758279 0.683964 0.0854314 0.174531 0.174533 -0.371725 -0.150971 0.633847 -0.992555 0.0454295 1.45112 1.18441 0.977404 0.707889 0.170808 -0.677353 0.331364 -1.41154 -1.72372 -0.372094 0.732281 0.0793107 -0.506131 0.35127 -0.408249 0.685052 -0.374201 0.465745 0.163019 0.142298 -0.17434 0 0.119547 -0.0704403 -0.710757 0.912377 -0.0588582 
0.0645885 -0.0722837 0.67971 0.077607 0.174029 0.174533 -0.366836 -0.161339 0.623586 -0.984332 0.038076 1.45264 1.18866 0.978333 0.712831 0.173217 -0.672091 0.32851 -1.42811 -1.75028 -0.382649 0.782005 0.0694589 -0.500306 0.349671 -0.410149 0.687083 -0.355445 0.470813 0.16859 0.140028 -0.177564 0 0.116325 -0.0419197 -0.710647 0.911501 -0.0596966 
0.0713564 -0.070737 0.672539 0.0745644 0.174533 0.174533 -0.379535 -0.146874 0.608169 -0.982546 0.0260719 1.43639 1.199 0.975554 0.725571 0.171557 -0.68978 0.32426 -1.39312 -1.72184 -0.377864 0.785398 0.0805849 -0.485895 0.352915 -0.409864 0.670747 -0.348805 0.474806 0.174198 0.13957 -0.181125 0 0.112765 -0.0654217 -0.709279 0.912454 -0.0599838 
0.0730295 -0.0714176 0.66416 0.0726754 0.174533 0.172129 -0.379972 -0.1433 0.59606 -1.00452 0.0287817 1.43373 1.17106 0.974363 0.729136 0.170511 -0.692479 0.33175 -1.37114 -1.73066 -0.38296 0.785398 0.0795532 -0.488023 0.360482 -0.417603 0.683296 -0.344988 0.477035 0.174374 0.139236 -0.187067 0 0.106822 -0.0776338 -0.709773 0.912658 -0.0611218 
0.0756199 -0.0693555 0.663538 0.0674518 0.174533 0.174533 -0.37639 -0.145351 0.583688 -1.00943 0.033653 1.43828 1.15523 0.975414 0.732626 0.172768 -0.697504 0.330288 -1.3742 -1.72562 -0.392258 0.785398 0.0716243 -0.490711 0.365321 -0.422314 0.698261 -0.354944 0.460788 0.178259 0.138066 -0.184525 0 0.109365 -0.0697746 -0.70937 0.913164 -0.0614064 
0.0782757 -0.0681387 0.664729 0.0647068 0.174533 0.174533 -0.375272 -0.142503 0.569684 -0.998861 0.0301827 1.43304 1.17957 0.976357 0.752033 0.178075 -0.695418 0.332378 -1.38306 -1.71855 -0.402001 0.785398 0.06244 -0.482219 0.360194 -0.420275 0.68685 -0.355395 0.465151 0.177052 0.138698 -0.183049 0 0.110841 -0.0814203 -0.709221 0.912796 -0.0614307 
0.0770988 -0.0686157 0.664858 0.065709 0.174533 0.174533 -0.369506 -0.146782 0.558154 -0.986838 0.0234028 1.42245 1.18539 0.975359 0.76941 0.18007 -0.696986 0.332372 -1.38357 -1.72082 -0.410824 0.785398 0.0533271 -0.475621 0.352525 -0.405193 0.659708 -0.358196 0.460662 0.180861 0.13974 -0.19316 0 0.100727 -0.047796 -0.709453 0.91243 -0.0616911 
0.0766714 -0.0668496 0.663194 0.0677248 0.174533 0.174533 -0.375374 -0.14969 0.547899 -0.98659 0.0184963 1.42447 1.17549 0.976808 0.779968 0.184349 -0.697373 0.335295 -1.37465 -1.71956 -0.41824 0.785398 0.0459254 -0.478146 0.353063 -0.414254 0.678128 -0.363569 0.453938 0.176828 0.135284 -0.194486 0 0.0993999 -0.0726029 -0.708536 0.913065 -0.0620264 
0.0772681 -0.0656705 0.662382 0.0678172 0.174533 0.174533 -0.379153 -0.147758 0.541911 -0.989879 0.0183609 1.42358 1.17718 0.978633 0.785398 0.189853 -0.703248 0.330443 -1.37188 -1.71931 -0.425438 0.785398 0.0379521 -0.482372 0.356016 -0.417325 0.689428 -0.36284 0.446479 0.182096 0.132986 -0.190724 0 0.103164 -0.0648757 -0.707832 0.913045 -0.0624145 
0.0784615 -0.0650984 0.661906 0.0673079 0.174533 0.174533 -0.380655 -0.14638 0.536496 -0.989402 0.0197571 1.42624 1.18021 0.980752 0.785398 0.195956 -0.705903 0.329694 -1.37354 -1.71227 -0.430608 0.785398 0.0323938 -0.480714 0.357502 -0.42315 0.69443 -0.358373 0.449703 0.179469 0.132827 -0.185958 0 0.107931 -0.0741656 -0.707606 0.913139 -0.0624993 
0.0796642 -0.0617263 0.665234 0.061588 0.174533 0.174533 -0.370093 -0.149194 0.533873 -0.980988 0.0148784 1.41751 1.1935 0.97657 0.785398 0.193844 -0.687863 0.335381 -1.41753 -1.71721 -0.437694 0.785359 0.0231963 -0.478579 0.351827 -0.412893 0.688999 -0.359114 0.453787 0.183593 0.130782 -0.194852 0 0.0990398 -0.044624 -0.706717 0.911832 -0.0628628 
0.0764291 -0.0623779 0.660396 0.067592 0.174533 0.174533 -0.376329 -0.153526 0.535316 -0.985474 0.0115728 1.42182 1.18095 0.9757 0.784547 0.194166 -0.683342 0.336108 -1.40788 -1.72117 -0.444373 0.785398 0.0146026 -0.485673 0.356642 -0.424109 0.706136 -0.354971 0.446579 0.183785 0.128102 -0.187857 0 0.106035 -0.0680863 -0.706524 0.912495 -0.0631835 
0.0771909 -0.0608968 0.659496 0.0650227 0.174533 0.174533 -0.374125 -0.158914 0.533784 -0.981293 0.00916299 1.42402 1.17683 0.976143 0.785111 0.196294 -0.682372 0.330689 -1.44294 -1.74154 -0.461004 0.785398 -0.00856191 -0.479397 0.354583 -0.422373 0.694565 -0.354643 0.45166 0.182969 0.127694 -0.184861 0 0.109031 -0.084305 -0.706444 0.911679 -0.0629993 
0.0754052 -0.0600524 0.653414 0.0667853 0.174533 0.174533 -0.375091 -0.15989 0.531703 -0.991799 0.00755246 1.418 1.18002 0.977522 0.785375 0.200303 -0.679427 0.328627 -1.43076 -1.73213 -0.469824 0.785398 -0.0211569 -0.480865 0.355216 -0.430999 0.70606 -0.354566 0.452213 0.182712 0.123389 -0.187292 0 0.106604 -0.0850712 -0.705599 0.912027 -0.0639524 
0.0769766 -0.0626358 0.654723 0.0648931 0.174533 0.174533 -0.369401 -0.155544 0.528932 -0.986459 0.00527299 1.40451 1.1857 0.975392 0.785398 0.200694 -0.683311 0.332543 -1.47554 -1.70814 -0.479285 0.763291 -0.0338739 -0.485277 0.35846 -0.423571 0.705104 -0.349409 0.434426 0.18314 0.12769 -0.191343 0 0.102558 -0.0807152 -0.706878 0.912485 -0.0640856 
0.0711632 -0.0625476 0.640447 0.0735442 0.174533 0.174533 -0.387109 -0.168486 0.534603 -0.982485 -0.012742 1.40155 1.19281 0.978542 0.783148 0.207687 -0.668166 0.328872 -1.40346 -1.72906 -0.482835 0.785398 -0.0406543 -0.476528 0.357383 -0.43715 0.692273 -0.350726 0.438433 0.176534 0.120667 -0.192733 0 0.101186 -0.0904605 -0.70585 0.911741 -0.0647149 
0.0732117 -0.0642378 0.640421 0.0755971 0.174533 0.174533 -0.386169 -0.154156 0.535697 -0.980307 -0.0183208 1.39626 1.19666 0.981094 0.7825 0.213441 -0.685612 0.319582 -1.39066 -1.71249 -0.475535 0.774809 -0.030485 -0.474279 0.358991 -0.438055 0.689545 -0.354008 0.435351 0.180524 0.121755 -0.19887 0 0.095053 -0.0791039 -0.705432 0.912402 -0.0645774 
0.07341 -0.0657717 0.637187 0.0747571 0.174533 0.174533 -0.384192 -0.156833 0.532609 -0.973917 -0.0224164 1.40017 1.19244 0.984912 0.782775 0.219795 -0.694135 0.339175 -1.42807 -1.72727 -0.484447 0.783809 -0.0438703 -0.474013 0.363402 -0.442254 0.688459 -0.352463 0.441336 0.178283 0.124731 -0.202227 0 0.0916963 -0.093693 -0.706441 0.912301 -0.0645149 
0.065893 -0.0667454 0.628562 0.0815198 0.174533 0.174533 -0.386949 -0.173731 0.532989 -0.985002 -0.0250677 1.39093 1.18957 0.983805 0.785007 0.219261 -0.672332 0.331503 -1.38844 -1.72882 -0.484664 0.785398 -0.0461902 -0.478755 0.363613 -0.453422 0.696749 -0.351572 0.442773 0.170098 0.11879 -0.200441 0 0.0935041 -0.0885012 -0.706057 0.911998 -0.0653425 
0.0718892 -0.068511 0.634734 0.0778283 0.174533 0.174533 -0.379633 -0.155492 0.533331 -0.979963 -0.0257452 1.3812 1.19478 0.978478 0.785398 0.215172 -0.725429 0.339389 -1.41671 -1.65751 -0.463966 0.74342 -0.0151187 -0.474394 0.36581 -0.446454 0.684816 -0.365028 0.435955 0.174488 0.125024 -0.205807 0 0.0881225 -0.081472 -0.706364 0.912936 -0.0645216 
0.0686645 -0.0685125 0.631867 0.0813051 0.16779 0.174533 -0.378675 -0.145979 0.536752 -0.983458 -0.0233182 1.38724 1.18915 0.977988 0.784764 0.215859 -0.708653 0.346977 -1.40557 -1.69559 -0.447683 0.735927 0.00930841 -0.47684 0.365453 -0.454239 0.693737 -0.355401 0.4522 0.169534 0.122392 -0.200658 0 0.0932788 -0.0819532 -0.706543 0.912328 -0.0646801 
0.069446 -0.0703769 0.631785 0.0805033 0.172871 0.174533 -0.379823 -0.160651 0.540597 -0.981293 -0.0199558 1.395 1.18441 0.979799 0.782242 0.218476 -0.710272 0.316337 -1.44796 -1.73648 -0.478585 0.726859 -0.0375745 -0.481088 0.369087 -0.448933 0.694023 -0.349373 0.465451 0.170423 0.126043 -0.199578 0 0.0943601 -0.0739734 -0.708008 0.912841 -0.0649983 
0.0635005 -0.0705219 0.625585 0.0861233 0.174533 0.174533 -0.374242 -0.176561 0.551122 -0.977229 -0.0289572 1.39168 1.19773 0.979297 0.785398 0.220528 -0.676588 0.333719 -1.3954 -1.73704 -0.483093 0.784746 -0.0480577 -0.485323 0.369828 -0.459987 0.705206 -0.343586 0.458099 0.16349 0.120591 -0.206063 0 0.0878816 -0.0917647 -0.707226 0.912077 -0.0655391 
0.0647965 -0.0717525 0.63348 0.0841039 0.174533 0.174533 -0.369232 -0.17679 0.55249 -0.979069 -0.0200037 1.39693 1.18702 0.980898 0.781512 0.222477 -0.740819 0.304947 -1.49828 -1.67593 -0.494688 0.679554 -0.058828 -0.490255 0.367782 -0.445884 0.700126 -0.349335 0.459051 0.16736 0.123947 -0.198707 0 0.0952384 -0.0939821 -0.708311 0.912451 -0.0656529 
